0	1	0.6780	0.0000	0.6780	0.6780
1	1	0.4460	0.0000	0.4460	0.4460
2	1	0.5480	0.0000	0.5480	0.5480
3	1	0.4840	0.0000	0.4840	0.4840
4	1	0.6280	0.0000	0.6280	0.6280
5	1	0.6300	0.0000	0.6300	0.6300
6	1	0.6550	0.0000	0.6550	0.6550
7	1	0.6840	0.0000	0.6840	0.6840
8	1	0.5590	0.0000	0.5590	0.5590
9	1	0.4270	0.0000	0.4270	0.4270
10	1	0.6020	0.0000	0.6020	0.6020
11	1	0.6450	0.0000	0.6450	0.6450
12	1	0.5510	0.0000	0.5510	0.5510
13	1	0.6310	0.0000	0.6310	0.6310
14	1	0.5780	0.0000	0.5780	0.5780
15	1	0.5790	0.0000	0.5790	0.5790
16	1	0.5900	0.0000	0.5900	0.5900
18	1	0.4380	0.0000	0.4380	0.4380
19	1	0.1050	0.0000	0.1050	0.1050
20	1	0.5720	0.0000	0.5720	0.5720
22	1	0.5680	0.0000	0.5680	0.5680
23	1	0.4340	0.0000	0.4340	0.4340
24	1	0.7110	0.0000	0.7110	0.7110
25	1	0.5670	0.0000	0.5670	0.5670
26	1	0.0960	0.0000	0.0960	0.0960
27	1	0.4260	0.0000	0.4260	0.4260
28	1	0.5220	0.0000	0.5220	0.5220
29	1	0.0990	0.0000	0.0990	0.0990
30	1	0.6860	0.0000	0.6860	0.6860
31	1	0.5250	0.0000	0.5250	0.5250
32	1	0.6520	0.0000	0.6520	0.6520
33	1	0.6470	0.0000	0.6470	0.6470
34	1	0.6040	0.0000	0.6040	0.6040
35	1	0.5470	0.0000	0.5470	0.5470
36	1	0.6550	0.0000	0.6550	0.6550
37	1	0.5730	0.0000	0.5730	0.5730
38	1	0.7180	0.0000	0.7180	0.7180
39	1	0.6990	0.0000	0.6990	0.6990
40	1	0.5030	0.0000	0.5030	0.5030
41	1	0.5390	0.0000	0.5390	0.5390
42	1	0.6140	0.0000	0.6140	0.6140
43	1	0.5890	0.0000	0.5890	0.5890
44	1	0.5530	0.0000	0.5530	0.5530
45	1	0.4350	0.0000	0.4350	0.4350
46	1	0.6400	0.0000	0.6400	0.6400
47	1	0.5360	0.0000	0.5360	0.5360
48	1	0.5090	0.0000	0.5090	0.5090
49	1	0.3800	0.0000	0.3800	0.3800
50	1	0.6820	0.0000	0.6820	0.6820
51	1	0.4680	0.0000	0.4680	0.4680
52	1	0.5880	0.0000	0.5880	0.5880
53	1	0.6310	0.0000	0.6310	0.6310
54	1	0.4910	0.0000	0.4910	0.4910
55	1	0.6830	0.0000	0.6830	0.6830
56	1	0.5870	0.0000	0.5870	0.5870
57	1	0.5160	0.0000	0.5160	0.5160
58	1	0.6670	0.0000	0.6670	0.6670
59	1	0.6420	0.0000	0.6420	0.6420
60	1	0.5890	0.0000	0.5890	0.5890
61	1	0.4310	0.0000	0.4310	0.4310
62	1	0.6130	0.0000	0.6130	0.6130
63	1	0.5760	0.0000	0.5760	0.5760
64	1	0.6510	0.0000	0.6510	0.6510
65	1	0.4560	0.0000	0.4560	0.4560
66	1	0.5640	0.0000	0.5640	0.5640
67	1	0.5580	0.0000	0.5580	0.5580
68	1	0.0990	0.0000	0.0990	0.0990
69	1	0.6430	0.0000	0.6430	0.6430
70	1	0.4740	0.0000	0.4740	0.4740
71	1	0.6180	0.0000	0.6180	0.6180
72	1	0.4480	0.0000	0.4480	0.4480
73	1	0.1050	0.0000	0.1050	0.1050
74	1	0.4980	0.0000	0.4980	0.4980
75	1	0.5460	0.0000	0.5460	0.5460
76	1	0.4720	0.0000	0.4720	0.4720
77	1	0.5920	0.0000	0.5920	0.5920
78	1	0.6030	0.0000	0.6030	0.6030
79	1	0.5890	0.0000	0.5890	0.5890
80	1	0.5050	0.0000	0.5050	0.5050
81	1	0.5110	0.0000	0.5110	0.5110
82	1	0.5060	0.0000	0.5060	0.5060
83	1	0.6560	0.0000	0.6560	0.6560
84	1	0.5940	0.0000	0.5940	0.5940
85	1	0.5390	0.0000	0.5390	0.5390
86	1	0.5910	0.0000	0.5910	0.5910
87	1	0.6180	0.0000	0.6180	0.6180
88	1	0.6810	0.0000	0.6810	0.6810
89	1	0.6030	0.0000	0.6030	0.6030
90	1	0.0990	0.0000	0.0990	0.0990
91	1	0.4100	0.0000	0.4100	0.4100
92	1	0.6440	0.0000	0.6440	0.6440
93	1	0.4110	0.0000	0.4110	0.4110
94	1	0.6600	0.0000	0.6600	0.6600
95	1	0.6630	0.0000	0.6630	0.6630
96	1	0.5160	0.0000	0.5160	0.5160
97	1	0.5480	0.0000	0.5480	0.5480
98	1	0.5600	0.0000	0.5600	0.5600
99	1	0.5530	0.0000	0.5530	0.5530
100	1	0.6520	0.0000	0.6520	0.6520
101	1	0.6360	0.0000	0.6360	0.6360
102	1	0.6580	0.0000	0.6580	0.6580
103	1	0.5470	0.0000	0.5470	0.5470
104	1	0.5450	0.0000	0.5450	0.5450
105	1	0.6450	0.0000	0.6450	0.6450
106	1	0.6120	0.0000	0.6120	0.6120
107	1	0.5410	0.0000	0.5410	0.5410
108	1	0.5220	0.0000	0.5220	0.5220
109	1	0.5470	0.0000	0.5470	0.5470
110	1	0.5860	0.0000	0.5860	0.5860
111	1	0.4290	0.0000	0.4290	0.4290
112	1	0.6740	0.0000	0.6740	0.6740
113	1	0.6990	0.0000	0.6990	0.6990
114	1	0.6120	0.0000	0.6120	0.6120
115	1	0.6610	0.0000	0.6610	0.6610
116	1	0.6020	0.0000	0.6020	0.6020
117	1	0.6810	0.0000	0.6810	0.6810
118	1	0.5740	0.0000	0.5740	0.5740
119	1	0.6150	0.0000	0.6150	0.6150
120	1	0.5700	0.0000	0.5700	0.5700
121	1	0.5700	0.0000	0.5700	0.5700
122	1	0.6420	0.0000	0.6420	0.6420
123	1	0.6130	0.0000	0.6130	0.6130
124	1	0.5820	0.0000	0.5820	0.5820
125	1	0.6020	0.0000	0.6020	0.6020
126	1	0.6180	0.0000	0.6180	0.6180
127	1	0.5510	0.0000	0.5510	0.5510
128	1	0.6580	0.0000	0.6580	0.6580
129	1	0.4530	0.0000	0.4530	0.4530
130	1	0.5280	0.0000	0.5280	0.5280
131	1	0.4040	0.0000	0.4040	0.4040
132	1	0.6170	0.0000	0.6170	0.6170
133	1	0.6960	0.0000	0.6960	0.6960
134	1	0.5600	0.0000	0.5600	0.5600
135	1	0.7150	0.0000	0.7150	0.7150
136	1	0.6850	0.0000	0.6850	0.6850
137	1	0.6090	0.0000	0.6090	0.6090
138	1	0.5780	0.0000	0.5780	0.5780
139	1	0.3200	0.0000	0.3200	0.3200
140	1	0.6230	0.0000	0.6230	0.6230
141	1	0.6000	0.0000	0.6000	0.6000
142	1	0.3250	0.0000	0.3250	0.3250
143	1	0.5100	0.0000	0.5100	0.5100
144	1	0.4940	0.0000	0.4940	0.4940
145	1	0.6470	0.0000	0.6470	0.6470
146	1	0.5290	0.0000	0.5290	0.5290
147	1	0.6180	0.0000	0.6180	0.6180
148	1	0.5860	0.0000	0.5860	0.5860
149	1	0.5440	0.0000	0.5440	0.5440
150	1	0.6370	0.0000	0.6370	0.6370
151	1	0.6450	0.0000	0.6450	0.6450
152	1	0.4040	0.0000	0.4040	0.4040
153	1	0.4140	0.0000	0.4140	0.4140
154	1	0.4340	0.0000	0.4340	0.4340
155	1	0.5390	0.0000	0.5390	0.5390
156	1	0.4570	0.0000	0.4570	0.4570
157	1	0.6110	0.0000	0.6110	0.6110
158	1	0.6360	0.0000	0.6360	0.6360
159	1	0.1000	0.0000	0.1000	0.1000
160	1	0.6210	0.0000	0.6210	0.6210
161	1	0.6930	0.0000	0.6930	0.6930
162	1	0.6460	0.0000	0.6460	0.6460
163	1	0.5480	0.0000	0.5480	0.5480
164	1	0.5820	0.0000	0.5820	0.5820
165	1	0.6960	0.0000	0.6960	0.6960
166	1	0.4600	0.0000	0.4600	0.4600
167	1	0.5690	0.0000	0.5690	0.5690
168	1	0.4930	0.0000	0.4930	0.4930
169	1	0.4540	0.0000	0.4540	0.4540
170	1	0.5470	0.0000	0.5470	0.5470
171	1	0.6660	0.0000	0.6660	0.6660
172	1	0.6330	0.0000	0.6330	0.6330
173	1	0.5420	0.0000	0.5420	0.5420
174	1	0.6130	0.0000	0.6130	0.6130
175	1	0.4820	0.0000	0.4820	0.4820
176	1	0.0980	0.0000	0.0980	0.0980
177	1	0.4830	0.0000	0.4830	0.4830
178	1	0.6410	0.0000	0.6410	0.6410
179	1	0.6780	0.0000	0.6780	0.6780
180	1	0.5410	0.0000	0.5410	0.5410
181	1	0.6130	0.0000	0.6130	0.6130
182	1	0.6430	0.0000	0.6430	0.6430
183	1	0.6490	0.0000	0.6490	0.6490
184	1	0.6470	0.0000	0.6470	0.6470
185	1	0.7080	0.0000	0.7080	0.7080
186	1	0.6720	0.0000	0.6720	0.6720
187	1	0.5440	0.0000	0.5440	0.5440
188	1	0.7000	0.0000	0.7000	0.7000
189	1	0.6720	0.0000	0.6720	0.6720
190	1	0.5170	0.0000	0.5170	0.5170
191	1	0.6540	0.0000	0.6540	0.6540
192	1	0.6200	0.0000	0.6200	0.6200
193	1	0.6860	0.0000	0.6860	0.6860
194	1	0.6990	0.0000	0.6990	0.6990
195	1	0.6980	0.0000	0.6980	0.6980
196	1	0.5090	0.0000	0.5090	0.5090
197	1	0.5560	0.0000	0.5560	0.5560
198	1	0.6620	0.0000	0.6620	0.6620
199	1	0.6500	0.0000	0.6500	0.6500
200	1	0.5930	0.0000	0.5930	0.5930
201	1	0.6200	0.0000	0.6200	0.6200
202	1	0.7220	0.0000	0.7220	0.7220
203	1	0.5200	0.0000	0.5200	0.5200
204	1	0.6490	0.0000	0.6490	0.6490
205	1	0.6610	0.0000	0.6610	0.6610
206	1	0.6060	0.0000	0.6060	0.6060
207	1	0.7120	0.0000	0.7120	0.7120
208	1	0.7010	0.0000	0.7010	0.7010
209	1	0.6610	0.0000	0.6610	0.6610
210	1	0.6550	0.0000	0.6550	0.6550
211	1	0.7030	0.0000	0.7030	0.7030
212	1	0.6440	0.0000	0.6440	0.6440
213	1	0.5980	0.0000	0.5980	0.5980
214	1	0.5740	0.0000	0.5740	0.5740
215	1	0.6780	0.0000	0.6780	0.6780
216	1	0.6890	0.0000	0.6890	0.6890
217	1	0.6630	0.0000	0.6630	0.6630
218	1	0.7040	0.0000	0.7040	0.7040
219	1	0.6420	0.0000	0.6420	0.6420
220	1	0.6260	0.0000	0.6260	0.6260
221	1	0.6120	0.0000	0.6120	0.6120
222	1	0.5340	0.0000	0.5340	0.5340
223	1	0.5940	0.0000	0.5940	0.5940
224	1	0.5740	0.0000	0.5740	0.5740
225	1	0.5180	0.0000	0.5180	0.5180
226	1	0.6070	0.0000	0.6070	0.6070
227	1	0.5570	0.0000	0.5570	0.5570
228	1	0.6640	0.0000	0.6640	0.6640
229	1	0.5810	0.0000	0.5810	0.5810
230	1	0.6220	0.0000	0.6220	0.6220
231	1	0.6580	0.0000	0.6580	0.6580
232	1	0.6510	0.0000	0.6510	0.6510
233	1	0.6030	0.0000	0.6030	0.6030
234	1	0.5840	0.0000	0.5840	0.5840
235	1	0.7030	0.0000	0.7030	0.7030
236	1	0.6570	0.0000	0.6570	0.6570
237	1	0.7180	0.0000	0.7180	0.7180
238	1	0.6600	0.0000	0.6600	0.6600
239	1	0.5650	0.0000	0.5650	0.5650
240	1	0.6560	0.0000	0.6560	0.6560
241	1	0.7160	0.0000	0.7160	0.7160
242	1	0.4900	0.0000	0.4900	0.4900
243	1	0.6200	0.0000	0.6200	0.6200
244	1	0.6670	0.0000	0.6670	0.6670
245	1	0.6730	0.0000	0.6730	0.6730
246	1	0.5890	0.0000	0.5890	0.5890
247	1	0.6410	0.0000	0.6410	0.6410
248	1	0.1050	0.0000	0.1050	0.1050
249	1	0.6170	0.0000	0.6170	0.6170
250	1	0.7010	0.0000	0.7010	0.7010
251	1	0.6200	0.0000	0.6200	0.6200
252	1	0.6460	0.0000	0.6460	0.6460
253	1	0.6920	0.0000	0.6920	0.6920
254	1	0.6690	0.0000	0.6690	0.6690
255	1	0.4760	0.0000	0.4760	0.4760
256	1	0.7040	0.0000	0.7040	0.7040
257	1	0.6820	0.0000	0.6820	0.6820
258	1	0.7530	0.0000	0.7530	0.7530
259	1	0.6120	0.0000	0.6120	0.6120
260	1	0.6460	0.0000	0.6460	0.6460
261	1	0.4500	0.0000	0.4500	0.4500
262	1	0.6060	0.0000	0.6060	0.6060
263	1	0.6720	0.0000	0.6720	0.6720
264	1	0.6660	0.0000	0.6660	0.6660
265	1	0.6340	0.0000	0.6340	0.6340
266	1	0.6440	0.0000	0.6440	0.6440
267	1	0.6690	0.0000	0.6690	0.6690
268	1	0.5910	0.0000	0.5910	0.5910
269	1	0.7080	0.0000	0.7080	0.7080
270	1	0.6540	0.0000	0.6540	0.6540
271	1	0.5890	0.0000	0.5890	0.5890
272	1	0.6260	0.0000	0.6260	0.6260
273	1	0.6540	0.0000	0.6540	0.6540
274	1	0.6120	0.0000	0.6120	0.6120
275	1	0.6390	0.0000	0.6390	0.6390
276	1	0.7130	0.0000	0.7130	0.7130
277	1	0.7250	0.0000	0.7250	0.7250
278	1	0.0960	0.0000	0.0960	0.0960
279	1	0.6420	0.0000	0.6420	0.6420
280	1	0.6760	0.0000	0.6760	0.6760
281	1	0.6760	0.0000	0.6760	0.6760
282	1	0.7140	0.0000	0.7140	0.7140
283	1	0.6320	0.0000	0.6320	0.6320
284	1	0.7040	0.0000	0.7040	0.7040
285	1	0.6480	0.0000	0.6480	0.6480
286	1	0.7040	0.0000	0.7040	0.7040
287	1	0.5620	0.0000	0.5620	0.5620
288	1	0.7140	0.0000	0.7140	0.7140
289	1	0.6790	0.0000	0.6790	0.6790
290	1	0.0980	0.0000	0.0980	0.0980
291	1	0.6290	0.0000	0.6290	0.6290
292	1	0.6880	0.0000	0.6880	0.6880
293	1	0.6390	0.0000	0.6390	0.6390
294	1	0.1010	0.0000	0.1010	0.1010
295	1	0.6450	0.0000	0.6450	0.6450
296	1	0.7120	0.0000	0.7120	0.7120
297	1	0.6060	0.0000	0.6060	0.6060
298	1	0.6420	0.0000	0.6420	0.6420
299	1	0.7000	0.0000	0.7000	0.7000
300	1	0.6390	0.0000	0.6390	0.6390
301	1	0.6510	0.0000	0.6510	0.6510
302	1	0.5850	0.0000	0.5850	0.5850
303	1	0.6350	0.0000	0.6350	0.6350
304	1	0.6950	0.0000	0.6950	0.6950
305	1	0.6850	0.0000	0.6850	0.6850
306	1	0.6640	0.0000	0.6640	0.6640
307	1	0.6640	0.0000	0.6640	0.6640
308	1	0.7370	0.0000	0.7370	0.7370
309	1	0.6000	0.0000	0.6000	0.6000
310	1	0.5630	0.0000	0.5630	0.5630
311	1	0.6940	0.0000	0.6940	0.6940
312	1	0.6520	0.0000	0.6520	0.6520
313	1	0.6920	0.0000	0.6920	0.6920
314	1	0.6670	0.0000	0.6670	0.6670
315	1	0.7140	0.0000	0.7140	0.7140
316	1	0.6830	0.0000	0.6830	0.6830
317	1	0.6450	0.0000	0.6450	0.6450
318	1	0.6220	0.0000	0.6220	0.6220
319	1	0.6820	0.0000	0.6820	0.6820
320	1	0.6410	0.0000	0.6410	0.6410
321	1	0.6100	0.0000	0.6100	0.6100
322	1	0.7230	0.0000	0.7230	0.7230
323	1	0.6210	0.0000	0.6210	0.6210
324	1	0.6960	0.0000	0.6960	0.6960
325	1	0.6460	0.0000	0.6460	0.6460
326	1	0.5670	0.0000	0.5670	0.5670
327	1	0.6510	0.0000	0.6510	0.6510
328	1	0.6940	0.0000	0.6940	0.6940
329	1	0.6580	0.0000	0.6580	0.6580
330	1	0.6000	0.0000	0.6000	0.6000
331	1	0.6980	0.0000	0.6980	0.6980
332	1	0.6530	0.0000	0.6530	0.6530
333	1	0.7060	0.0000	0.7060	0.7060
334	1	0.4920	0.0000	0.4920	0.4920
335	1	0.6570	0.0000	0.6570	0.6570
336	1	0.7360	0.0000	0.7360	0.7360
337	1	0.7040	0.0000	0.7040	0.7040
338	1	0.7390	0.0000	0.7390	0.7390
339	1	0.7020	0.0000	0.7020	0.7020
340	1	0.6640	0.0000	0.6640	0.6640
341	1	0.6750	0.0000	0.6750	0.6750
342	1	0.6220	0.0000	0.6220	0.6220
343	1	0.1000	0.0000	0.1000	0.1000
344	1	0.6990	0.0000	0.6990	0.6990
345	1	0.7230	0.0000	0.7230	0.7230
346	1	0.7070	0.0000	0.7070	0.7070
347	1	0.6060	0.0000	0.6060	0.6060
348	1	0.6780	0.0000	0.6780	0.6780
349	1	0.6270	0.0000	0.6270	0.6270
350	1	0.5750	0.0000	0.5750	0.5750
351	1	0.5630	0.0000	0.5630	0.5630
352	1	0.6530	0.0000	0.6530	0.6530
353	1	0.6920	0.0000	0.6920	0.6920
354	1	0.7260	0.0000	0.7260	0.7260
355	1	0.7000	0.0000	0.7000	0.7000
356	1	0.6050	0.0000	0.6050	0.6050
357	1	0.6910	0.0000	0.6910	0.6910
358	1	0.6860	0.0000	0.6860	0.6860
359	1	0.6380	0.0000	0.6380	0.6380
360	1	0.6830	0.0000	0.6830	0.6830
361	1	0.7210	0.0000	0.7210	0.7210
362	1	0.1050	0.0000	0.1050	0.1050
363	1	0.6800	0.0000	0.6800	0.6800
364	1	0.5840	0.0000	0.5840	0.5840
365	1	0.6050	0.0000	0.6050	0.6050
366	1	0.6810	0.0000	0.6810	0.6810
367	1	0.7020	0.0000	0.7020	0.7020
368	1	0.7300	0.0000	0.7300	0.7300
369	1	0.6890	0.0000	0.6890	0.6890
370	1	0.6170	0.0000	0.6170	0.6170
371	1	0.6700	0.0000	0.6700	0.6700
372	1	0.7040	0.0000	0.7040	0.7040
373	1	0.6300	0.0000	0.6300	0.6300
374	1	0.6530	0.0000	0.6530	0.6530
375	1	0.6560	0.0000	0.6560	0.6560
376	1	0.7070	0.0000	0.7070	0.7070
377	1	0.7220	0.0000	0.7220	0.7220
378	1	0.6800	0.0000	0.6800	0.6800
379	1	0.6660	0.0000	0.6660	0.6660
380	1	0.7220	0.0000	0.7220	0.7220
381	1	0.6660	0.0000	0.6660	0.6660
382	1	0.5980	0.0000	0.5980	0.5980
383	1	0.6790	0.0000	0.6790	0.6790
384	1	0.6980	0.0000	0.6980	0.6980
385	1	0.6440	0.0000	0.6440	0.6440
386	1	0.6590	0.0000	0.6590	0.6590
387	1	0.7120	0.0000	0.7120	0.7120
388	1	0.7570	0.0000	0.7570	0.7570
389	1	0.5340	0.0000	0.5340	0.5340
390	1	0.6180	0.0000	0.6180	0.6180
391	1	0.6690	0.0000	0.6690	0.6690
392	1	0.6750	0.0000	0.6750	0.6750
393	1	0.0980	0.0000	0.0980	0.0980
394	1	0.6950	0.0000	0.6950	0.6950
395	1	0.7000	0.0000	0.7000	0.7000
396	1	0.6370	0.0000	0.6370	0.6370
397	1	0.6460	0.0000	0.6460	0.6460
398	1	0.7080	0.0000	0.7080	0.7080
399	1	0.7060	0.0000	0.7060	0.7060
