0.754185129902
0.733965963531
0.775231848384
0.724779663678
0.773004133815
0.768470072356
0.754185129902
0.744675552779
0.738055163538
0.767895729358
0.741394916119
0.749173488994
0.771880576545
0.724053430091
0.754185129902
0.748537517373
0.738055163538
0.724779663678
0.764997926938
0.749173488994
0.767319662896
0.774677318597
0.761461575486
0.768470072356
0.773004133815
0.782833615039
0.754802303502
0.766162312735
0.749807308419
0.740066242853
0.745971775688
0.77356347169
0.742055696951
0.753565929453
0.747899377044
0.757251024235
0.77356347169
0.745971775688
0.759066994795
0.759668474944
0.740731771125
0.771316335754
0.750438991968
0.75232138768
0.742055696951
0.745324791388
0.718886363748
0.760268056176
0.752944687116
0.751696015753
0.747259051296
0.733275495738
0.752944687116
0.745971775688
0.76674186129
0.758463602145
0.763826408534
0.741394916119
0.76323794373
0.749173488994
0.745971775688
0.754185129902
0.755417465121
0.747259051296
0.796214341107
0.716625670023
0.775231848384
0.730487295207
0.745971775688
0.768470072356
0.754802303502
0.748537517373
0.77075043908
0.773004133815
0.750438991968
0.751696015753
0.745324791388
0.731188339967
0.75232138768
0.743370241416
0.758463602145
0.757858283255
0.753565929453
0.749173488994
0.733965963531
0.73533915548
0.751696015753
0.751696015753
0.739398311942
0.760268056176
0.738727958789
0.737379906082
0.736702166052
0.718135958809
0.766162312735
0.743370241416
0.757858283255
0.72765586386
0.738055163538
0.760268056176
0.767319662896
0.771316335754
0.742055696951
0.753565929453
0.731188339967
0.754802303502
0.712793227399
0.77075043908
0.759668474944
0.753565929453
0.749173488994
0.741394916119
0.781229434309
0.742714132501
0.75232138768
0.77075043908
0.768470072356
0.780152615006
0.764413065454
0.728367857262
0.751068555767
0.760865751927
0.764997926938
0.769613634073
0.744675552779
0.77075043908
0.745971775688
0.745324791388
0.768470072356
0.754185129902
0.769042703448
0.760268056176
0.756641811038
0.759066994795
0.77743424709
0.769042703448
0.769042703448
0.772443172314
0.766162312735
0.779611968183
0.769613634073
0.764997926938
0.684255428919
0.751068555767
0.782300349139
0.756030629455
0.737379906082
0.765581005303
0.744024042111
0.732582417471
0.758463602145
0.730487295207
0.749807308419
0.769042703448
0.740731771125
0.780691767293
0.78704830616
0.768470072356
0.75232138768
0.750438991968
0.754802303502
0.78704830616
0.742055696951
0.749173488994
0.751068555767
0.769042703448
0.782833615039
0.764413065454
0.729077077552
0.667990564763
0.762055539996
0.750438991968
0.747259051296
0.749807308419
0.744024042111
0.776336171735
0.754185129902
0.766162312735
0.766162312735
0.749807308419
0.718886363748
0.77356347169
0.701600329428
0.771316335754
0.764997926938
0.749807308419
0.763826408534
0.769613634073
0.748537517373
0.77075043908
0.73533915548
0.750438991968
0.725502998116
0.749807308419
0.757251024235
0.756030629455
0.759066994795
0.742055696951
0.772443172314
0.767895729358
0.759066994795
0.757251024235
0.741394916119
0.756641811038
