 0.233
 0.245
 0.254
 0.241
 0.213
 0.235
 0.250
 0.236
 0.216
 0.228
 0.273
 0.231
 0.201
 0.199
 0.255
 0.273
 0.210
 0.244
 0.258
 0.273
 0.279
 0.216
 0.190
 0.255
 0.245
 0.205
 0.186
 0.245
 0.226
 0.270
 0.265
 0.274
 0.276
 0.232
 0.261
 0.250
 0.239
 0.268
 0.284
 0.264
 0.266
 0.255
 0.255
 0.246
 0.196
 0.228
 0.268
 0.215
 0.237
 0.241
 0.217
 0.226
 0.215
 0.225
 0.291
 0.259
 0.256
 0.219
 0.236
 0.214
 0.205
 0.256
 0.265
 0.228
 0.000
 0.271
 0.228
 0.278
 0.233
 0.268
 0.259
 0.289
 0.286
 0.259
 0.205
 0.227
 0.262
 0.275
 0.256
 0.316
 0.234
 0.278
 0.242
 0.238
 0.268
 0.284
 0.283
 0.268
 0.250
 0.271
 0.257
 0.250
 0.223
 0.224
 0.259
 0.238
 0.269
 0.215
 0.090
 0.246
 0.238
 0.285
 0.210
 0.270
 0.256
 0.263
 0.000
 0.089
 0.271
 0.073
 0.256
 0.150
 0.233
 0.280
 0.187
 0.218
 0.256
 0.260
 0.279
 0.243
 0.286
 0.249
 0.250
 0.284
 0.269
 0.240
 0.283
 0.252
 0.213
 0.227
 0.277
 0.232
 0.256
 0.281
 0.063
 0.261
 0.298
 0.278
 0.032
 0.293
 0.259
 0.224
 0.249
 0.253
 0.234
 0.298
 0.242
 0.222
 0.274
 0.255
 0.254
 0.273
 0.009
 0.063
 0.094
 0.250
 0.247
 0.258
 0.263
 0.257
 0.280
 0.285
 0.279
 0.271
 0.269
 0.156
 0.235
 0.225
 0.240
 0.295
 0.219
 0.280
 0.273
 0.251
 0.246
 0.311
 0.262
 0.235
 0.253
 0.256
 0.256
 0.304
 0.258
 0.307
 0.286
 0.247
 0.179
 0.006
 0.225
 0.245
 0.298
 0.267
 0.000
 0.240
 0.279
 0.258
 0.248
 0.287
 0.282
 0.278
 0.225
 0.260
 0.290
 0.277
 0.235
 0.270
 0.304
 0.266
 0.287
 0.324
 0.233
 0.291
 0.267
 0.284
 0.309
 0.247
 0.269
 0.311
 0.282
 0.056
 0.275
 0.288
 0.306
 0.265
 0.291
 0.269
 0.229
 0.257
 0.263
 0.279
 0.284
 0.272
 0.260
 0.285
 0.286
 0.247
 0.306
 0.282
 0.287
 0.238
 0.343
 0.281
 0.229
 0.290
 0.314
 0.289
 0.234
 0.052
 0.283
 0.019
 0.166
 0.019
 0.117
 0.230
 0.000
 0.265
 0.260
 0.282
 0.293
 0.304
 0.271
 0.292
 0.272
 0.288
 0.252
 0.287
 0.219
 0.261
 0.251
 0.276
 0.253
 0.239
 0.279
 0.270
 0.276
 0.273
 0.251
 0.225
 0.270
 0.282
 0.284
 0.295
 0.275
 0.282
 0.245
 0.240
 0.271
 0.271
